# oST version 5.0 parameters


[image]

width
1024

height
768

[narrow_stereo/left]

camera matrix
835.721222 0.000000 501.362423
0.000000 835.945125 394.594956
0.000000 0.000000 1.000000

distortion
-0.342542 0.131223 0.000923 -0.000465 0.000000

rectification
0.999987 0.002487 -0.004502
-0.002489 0.999997 -0.000389
0.004501 0.000400 0.999990

projection
779.837847 0.000000 494.234135 0.000000
0.000000 779.837847 393.536572 0.000000
0.000000 0.000000 1.000000 0.000000

# oST version 5.0 parameters


[image]

width
1024

height
768

[narrow_stereo/right]

camera matrix
839.902617 0.000000 484.409581
0.000000 838.434080 389.624066
0.000000 0.000000 1.000000

distortion
-0.352337 0.152190 -0.000089 0.000434 0.000000

rectification
0.999994 -0.000877 -0.003249
0.000878 1.000000 0.000393
0.003249 -0.000396 0.999995

projection
779.837847 0.000000 494.234135 -93.214536
0.000000 779.837847 393.536572 0.000000
0.000000 0.000000 1.000000 0.000000

