image_width: 1024
image_height: 768
camera_name: narrow_stereo/right
camera_matrix:
  rows: 3
  cols: 3
  data: [842.605017, 0.000000, 488.470336, 0.000000, 841.620232, 394.619559, 0.000000, 0.000000, 1.000000]
distortion_model: plumb_bob
distortion_coefficients:
  rows: 1
  cols: 5
  data: [-0.354349, 0.153314, -0.000513, -0.000609, 0.000000]
rectification_matrix:
  rows: 3
  cols: 3
  data: [0.997104, 0.028286, -0.070599, -0.028429, 0.999595, -0.001023, 0.070542, 0.003028, 0.997504]
projection_matrix:
  rows: 3
  cols: 4
  data: [786.443479, 0.000000, 571.491718, -94.422723, 0.000000, 786.443479, 396.414326, 0.000000, 0.000000, 0.000000, 1.000000, 0.000000]
