# oST version 5.0 parameters


[image]

width
1024

height
768

[narrow_stereo/left]

camera matrix
835.613262 0.000000 501.407573
0.000000 836.518170 397.561462
0.000000 0.000000 1.000000

distortion
-0.343033 0.133004 0.000646 -0.000385 0.000000

rectification
0.996026 0.040090 -0.079535
-0.039929 0.999196 0.003620
0.079616 -0.000430 0.996826

projection
786.443479 0.000000 571.491718 0.000000
0.000000 786.443479 396.414326 0.000000
0.000000 0.000000 1.000000 0.000000

# oST version 5.0 parameters


[image]

width
1024

height
768

[narrow_stereo/right]

camera matrix
842.605017 0.000000 488.470336
0.000000 841.620232 394.619559
0.000000 0.000000 1.000000

distortion
-0.354349 0.153314 -0.000513 -0.000609 0.000000

rectification
0.997104 0.028286 -0.070599
-0.028429 0.999595 -0.001023
0.070542 0.003028 0.997504

projection
786.443479 0.000000 571.491718 -94.422723
0.000000 786.443479 396.414326 0.000000
0.000000 0.000000 1.000000 0.000000

