# oST version 5.0 parameters


[image]

width
1024

height
768

[narrow_stereo/left]

camera matrix
833.806011 0.000000 501.660313
0.000000 831.388109 392.920874
0.000000 0.000000 1.000000

distortion
-0.347915 0.135383 0.000407 0.000227 0.000000

rectification
0.999978 0.002520 -0.006178
-0.002512 0.999996 0.001174
0.006181 -0.001158 0.999980

projection
774.912853 0.000000 496.444187 0.000000
0.000000 774.912853 390.174335 0.000000
0.000000 0.000000 1.000000 0.000000

# oST version 5.0 parameters


[image]

width
1024

height
768

[narrow_stereo/right]

camera matrix
838.036383 0.000000 488.598746
0.000000 834.199705 385.268162
0.000000 0.000000 1.000000

distortion
-0.351836 0.146326 0.000339 0.000018 0.000000

rectification
0.999999 -0.001088 -0.000502
0.001087 0.999999 -0.001166
0.000503 0.001166 0.999999

projection
774.912853 0.000000 496.444187 -92.552094
0.000000 774.912853 390.174335 0.000000
0.000000 0.000000 1.000000 0.000000

