# oST version 5.0 parameters


[image]

width
1024

height
768

[narrow_stereo/left]

camera matrix
835.425518 0.000000 500.003526
0.000000 835.644906 392.035308
0.000000 0.000000 1.000000

distortion
-0.345737 0.135965 0.000595 -0.000519 0.000000

rectification
0.999923 0.002824 -0.012048
-0.002805 0.999995 0.001604
0.012052 -0.001571 0.999926

projection
781.722675 0.000000 500.492527 0.000000
0.000000 781.722675 388.802876 0.000000
0.000000 0.000000 1.000000 0.000000

# oST version 5.0 parameters


[image]

width
1024

height
768

[narrow_stereo/right]

camera matrix
840.267890 0.000000 483.310715
0.000000 839.545946 383.776078
0.000000 0.000000 1.000000

distortion
-0.351154 0.150172 0.000063 0.000274 0.000000

rectification
0.999942 -0.001394 -0.010657
0.001377 0.999998 -0.001595
0.010659 0.001580 0.999942

projection
781.722675 0.000000 500.492527 -93.476498
0.000000 781.722675 388.802876 0.000000
0.000000 0.000000 1.000000 0.000000

