Left:
('D = ', [-0.34303326802017703, 0.13300438949843216, 0.0006464945667468793, -0.0003851855925864034, 0.0])
('K = ', [835.6132615851933, 0.0, 501.40757302809993, 0.0, 836.5181702110419, 397.5614621820792, 0.0, 0.0, 1.0])
('R = ', [0.9960255751576835, 0.040090369841727945, -0.07953499781705496, -0.039928909825717326, 0.9991959654743735, 0.0036200469422649015, 0.07961617795357423, -0.00042991358194140357, 0.99682550096914])
('P = ', [786.4434785149838, 0.0, 571.4917182922363, 0.0, 0.0, 786.4434785149838, 396.4143257141113, 0.0, 0.0, 0.0, 1.0, 0.0])

Right:
('D = ', [-0.35434873337604544, 0.15331421466878317, -0.0005134197455824414, -0.0006086232959037007, 0.0])
('K = ', [842.6050168770012, 0.0, 488.47033554822224, 0.0, 841.620231741855, 394.61955931629575, 0.0, 0.0, 1.0])
('R = ', [0.9971036143390009, 0.028286113442868268, -0.07059941967465626, -0.028429263674910835, 0.9995952828457308, -0.001023464442805574, 0.07054189704709853, 0.0030275896122953774, 0.9975042227790999])
('P = ', [786.4434785149838, 0.0, 571.4917182922363, -94.42272256472796, 0.0, 786.4434785149838, 396.4143257141113, 0.0, 0.0, 0.0, 1.0, 0.0])
('self.T ', [-0.11971519952431672, -0.003396114170968318, 0.008476374462101683])
('self.R ', [0.99989212669798, 0.0115375201843637, -0.009089587195582883, -0.011498012386712317, 0.9999242728740843, 0.004386824408243472, 0.009139511942424183, -0.004281839000844233, 0.9999490662909912])
None
# oST version 5.0 parameters


[image]

width
1024

height
768

[narrow_stereo/left]

camera matrix
835.613262 0.000000 501.407573
0.000000 836.518170 397.561462
0.000000 0.000000 1.000000

distortion
-0.343033 0.133004 0.000646 -0.000385 0.000000

rectification
0.996026 0.040090 -0.079535
-0.039929 0.999196 0.003620
0.079616 -0.000430 0.996826

projection
786.443479 0.000000 571.491718 0.000000
0.000000 786.443479 396.414326 0.000000
0.000000 0.000000 1.000000 0.000000

# oST version 5.0 parameters


[image]

width
1024

height
768

[narrow_stereo/right]

camera matrix
842.605017 0.000000 488.470336
0.000000 841.620232 394.619559
0.000000 0.000000 1.000000

distortion
-0.354349 0.153314 -0.000513 -0.000609 0.000000

rectification
0.997104 0.028286 -0.070599
-0.028429 0.999595 -0.001023
0.070542 0.003028 0.997504

projection
786.443479 0.000000 571.491718 -94.422723
0.000000 786.443479 396.414326 0.000000
0.000000 0.000000 1.000000 0.000000

