Left:
('D = ', [-0.34791517500889063, 0.1353826795440777, 0.00040733653790116307, 0.00022741472698961575, 0.0])
('K = ', [833.8060108170063, 0.0, 501.66031257987095, 0.0, 831.3881086131202, 392.9208736008237, 0.0, 0.0, 1.0])
('R = ', [0.9999777437438461, 0.0025196482925759745, -0.006177652422128517, -0.00251244460033233, 0.9999961551676133, 0.0011735723756364372, 0.006180585659722891, -0.0011580252468383386, 0.9999802294737785])
('P = ', [774.9128532612582, 0.0, 496.44418716430664, 0.0, 0.0, 774.9128532612582, 390.1743354797363, 0.0, 0.0, 0.0, 1.0, 0.0])

Right:
('D = ', [-0.35183550458379703, 0.14632607400867062, 0.0003392950337723907, 1.8444016255390048e-05, 0.0])
('K = ', [838.0363830371663, 0.0, 488.59874564993174, 0.0, 834.1997045824772, 385.268162024656, 0.0, 0.0, 1.0])
('R = ', [0.9999992825889854, -0.0010876757357515536, -0.00050177984058772, 0.0010870900189184573, 0.9999987292475989, -0.0011660782469893871, 0.0005030475179650142, 0.001165531930575596, 0.9999991942389322])
('P = ', [774.9128532612582, 0.0, 496.44418716430664, -92.5520936021652, 0.0, 774.9128532612582, 390.1743354797363, 0.0, 0.0, 0.0, 1.0, 0.0])
('self.T ', [-0.11943540078702287, 0.00012990708062245567, 5.993031936267972e-05])
('self.R ', [0.9999774042236259, 0.0036061497824630357, -0.00567333463894115, -0.0035928892658601205, 0.9999907941443861, 0.0023457990543541175, 0.00568174171379119, -0.00232536238607735, 0.9999811550728699])
None
# oST version 5.0 parameters


[image]

width
1024

height
768

[narrow_stereo/left]

camera matrix
833.806011 0.000000 501.660313
0.000000 831.388109 392.920874
0.000000 0.000000 1.000000

distortion
-0.347915 0.135383 0.000407 0.000227 0.000000

rectification
0.999978 0.002520 -0.006178
-0.002512 0.999996 0.001174
0.006181 -0.001158 0.999980

projection
774.912853 0.000000 496.444187 0.000000
0.000000 774.912853 390.174335 0.000000
0.000000 0.000000 1.000000 0.000000

# oST version 5.0 parameters


[image]

width
1024

height
768

[narrow_stereo/right]

camera matrix
838.036383 0.000000 488.598746
0.000000 834.199705 385.268162
0.000000 0.000000 1.000000

distortion
-0.351836 0.146326 0.000339 0.000018 0.000000

rectification
0.999999 -0.001088 -0.000502
0.001087 0.999999 -0.001166
0.000503 0.001166 0.999999

projection
774.912853 0.000000 496.444187 -92.552094
0.000000 774.912853 390.174335 0.000000
0.000000 0.000000 1.000000 0.000000
