Left:
('D = ', [-0.3425421118289614, 0.13122311939163464, 0.0009232134395177597, -0.0004649607778395018, 0.0])
('K = ', [835.7212222915197, 0.0, 501.3624232498469, 0.0, 835.9451253044627, 394.5949556688648, 0.0, 0.0, 1.0])
('R = ', [0.9999867714568333, 0.0024869744472231356, -0.004502429281835044, -0.0024887510915519015, 0.999996827379039, -0.00038903709423155757, 0.0045014474720211735, 0.0004002373736273325, 0.9999897883382118])
('P = ', [779.8378466644235, 0.0, 494.23413467407227, 0.0, 0.0, 779.8378466644235, 393.53657150268555, 0.0, 0.0, 0.0, 1.0, 0.0])

Right:
('D = ', [-0.3523366335888732, 0.15218963466994842, -8.902683834341633e-05, 0.00043398548290799795, 0.0])
('K = ', [839.9026169686956, 0.0, 484.40958078694416, 0.0, 838.4340797678191, 389.6240657515898, 0.0, 0.0, 1.0])
('R = ', [0.9999943373219125, -0.0008767834116952939, -0.003249088327259463, 0.0008780655607060938, 0.9999995371922394, 0.00039321263741306915, 0.0032487420612384377, -0.0003960633233403751, 0.9999946443900906])
('P = ', [779.8378466644235, 0.0, 494.23413467407227, -93.21453628987825, 0.0, 779.8378466644235, 393.53657150268555, 0.0, 0.0, 0.0, 1.0, 0.0])
('self.T ', [-0.11952998799002584, 0.00010480250413222654, 0.0003883656879277015])
('self.R ', [0.9999935476087708, 0.003366323407216695, -0.0012540364999192584, -0.0033673046111144848, 0.9999940255154618, -0.0007811485377516764, 0.0012513994090904363, 0.0007853662203643812, 0.9999989085991139])
None
# oST version 5.0 parameters


[image]

width
1024

height
768

[narrow_stereo/left]

camera matrix
835.721222 0.000000 501.362423
0.000000 835.945125 394.594956
0.000000 0.000000 1.000000

distortion
-0.342542 0.131223 0.000923 -0.000465 0.000000

rectification
0.999987 0.002487 -0.004502
-0.002489 0.999997 -0.000389
0.004501 0.000400 0.999990

projection
779.837847 0.000000 494.234135 0.000000
0.000000 779.837847 393.536572 0.000000
0.000000 0.000000 1.000000 0.000000

# oST version 5.0 parameters


[image]

width
1024

height
768

[narrow_stereo/right]

camera matrix
839.902617 0.000000 484.409581
0.000000 838.434080 389.624066
0.000000 0.000000 1.000000

distortion
-0.352337 0.152190 -0.000089 0.000434 0.000000

rectification
0.999994 -0.000877 -0.003249
0.000878 1.000000 0.000393
0.003249 -0.000396 0.999995

projection
779.837847 0.000000 494.234135 -93.214536
0.000000 779.837847 393.536572 0.000000
0.000000 0.000000 1.000000 0.000000
