Left:
('D = ', [-0.3457374123988028, 0.13596513449503403, 0.0005948952448686262, -0.0005185117219623263, 0.0])
('K = ', [835.425517784827, 0.0, 500.0035257886294, 0.0, 835.6449058070998, 392.03530781839856, 0.0, 0.0, 1.0])
('R = ', [0.9999234340844831, 0.0028236431524594837, -0.012047946216754181, -0.0028045125850431445, 0.9999947801802562, 0.0016044691961546176, 0.012052413777105718, -0.0015705577317128776, 0.9999261336071564])
('P = ', [781.7226745838717, 0.0, 500.49252700805664, 0.0, 0.0, 781.7226745838717, 388.8028755187988, 0.0, 0.0, 0.0, 1.0, 0.0])

Right:
('D = ', [-0.3511544396569993, 0.15017244004490826, 6.318395396711346e-05, 0.00027398835296049023, 0.0])
('K = ', [840.2678897776962, 0.0, 483.31071509756356, 0.0, 839.5459460792844, 383.7760781574826, 0.0, 0.0, 1.0])
('R = ', [0.9999422392965823, -0.0013935746324661134, -0.010657205087651016, 0.001376653851570735, 0.9999977805524237, -0.00159490263015283, 0.010659404050389667, 0.0015801392250241434, 0.9999419384470881])
('P = ', [781.7226745838717, 0.0, 500.49252700805664, -93.4764980485244, 0.0, 781.7226745838717, 388.8028755187988, 0.0, 0.0, 0.0, 1.0, 0.0])
('self.T ', [-0.11957066338135941, 0.00016664026853445156, 0.0012743626902084093])
('self.R ', [0.9999902885087474, 0.004183385513068292, -0.0013864248415396607, -0.004178929800942147, 0.9999861440869197, 0.0032012778531678695, 0.0013997978107518115, -0.0031954529918989255, 0.999993914804618])
None
# oST version 5.0 parameters


[image]

width
1024

height
768

[narrow_stereo/left]

camera matrix
835.425518 0.000000 500.003526
0.000000 835.644906 392.035308
0.000000 0.000000 1.000000

distortion
-0.345737 0.135965 0.000595 -0.000519 0.000000

rectification
0.999923 0.002824 -0.012048
-0.002805 0.999995 0.001604
0.012052 -0.001571 0.999926

projection
781.722675 0.000000 500.492527 0.000000
0.000000 781.722675 388.802876 0.000000
0.000000 0.000000 1.000000 0.000000

# oST version 5.0 parameters


[image]

width
1024

height
768

[narrow_stereo/right]

camera matrix
840.267890 0.000000 483.310715
0.000000 839.545946 383.776078
0.000000 0.000000 1.000000

distortion
-0.351154 0.150172 0.000063 0.000274 0.000000

rectification
0.999942 -0.001394 -0.010657
0.001377 0.999998 -0.001595
0.010659 0.001580 0.999942

projection
781.722675 0.000000 500.492527 -93.476498
0.000000 781.722675 388.802876 0.000000
0.000000 0.000000 1.000000 0.000000
