          camLeft:
            fx: 837.253850
            fy: 838.490409
            cx: 500.836269
            cy: 396.129781
            d0: -0.350699 
            d1: 0.143871 
            d2: 0.000772 
            d3: 0.000436
            width: 1024
            height: 768
          camRight:
            fx: 840.576003
            fy: 839.660192
            cx: 486.582638
            cy: 390.268319
            d0: -0.349734 
            d1: 0.140961 
            d2: 0.000373 
            d3: 0.000030
            width: 1024
            height: 768
        #Distance between left and right camera
          extrinsic:
            tx: 0.12185240164807148
            ty: -0.01948076202153522
            tz: 0.039816877115110094
            rx: 0.000012901913800443746
            ry: 0.00038610733653918344
            rz: 0.00033187483729531205
